5.235987755982988295e-02 5.546615864889785641e+00 -1.991655436533865675e-01 5.536129081464109092e+00 -2.035302772520122261e-01 5.513277638310677631e+00 -2.608562465825688403e-01
1.570796326794896558e-01 5.561801030920855204e+00 -2.982621001204727729e-01 5.553393026272791744e+00 -3.060612369204667726e-01 5.542599384824004716e+00 -3.747406567074706984e-01
2.617993877991494078e-01 5.548785446869913152e+00 -3.576902593154676069e-01 5.542074912852708479e+00 -3.665815106978070337e-01 5.537383146858082306e+00 -4.368239795375904455e-01
3.665191429188092154e-01 5.526632162647352686e+00 -4.009244960661794699e-01 5.521005823205457297e+00 -4.095097079642813220e-01 5.519540653645208295e+00 -4.782098775401578683e-01
4.712388980384689674e-01 5.501697309079302656e+00 -4.324296271761323140e-01 5.497013610914724069e+00 -4.409798279499779206e-01 5.497912028011501029e+00 -5.074833033771206647e-01
5.759586531581286639e-01 5.476848540879879046e+00 -4.560772062437115082e-01 5.472854218293741191e+00 -4.646041027186431638e-01 5.474767959574908360e+00 -5.291807578714441407e-01
6.806784082777885825e-01 5.452151406879724327e+00 -4.730033679661553858e-01 5.448903030270948911e+00 -4.814194904781047279e-01 5.452574624429640693e+00 -5.432726414750089772e-01
7.853981633974481680e-01 5.429647707536323864e+00 -4.850479089557685475e-01 5.427011962331173223e+00 -4.932057690402715799e-01 5.430321060731415628e+00 -5.530267254937668575e-01
8.901179185171080865e-01 5.408337653194447370e+00 -4.934765203997270033e-01 5.405726533282743773e+00 -5.014176047577597606e-01 5.409824616890848148e+00 -5.592157724302425637e-01
9.948376736367677831e-01 5.387537167417084660e+00 -4.978819258824348504e-01 5.385692674912769817e+00 -5.056391630792661518e-01 5.390262191860280439e+00 -5.612638313556145286e-01
1.099557428756427591e+00 5.368727595392942753e+00 -5.007294313137409247e-01 5.366561595722093791e+00 -5.072013812850425518e-01 5.372193965859100473e+00 -5.620448711690751997e-01
1.204277183876087287e+00 5.350497758932384329e+00 -4.998836647321548421e-01 5.350103079237042536e+00 -5.075179180377057397e-01 5.354396385290942639e+00 -5.595907040818752787e-01
1.308996938995747206e+00 5.333100545119110691e+00 -4.993406483058523415e-01 5.333692525997479450e+00 -5.059845842622751055e-01 5.338869286875041809e+00 -5.568591930751518593e-01
1.413716694115406902e+00 5.318724621976834932e+00 -4.970836690343882758e-01 5.317076121278934586e+00 -5.037054131731748541e-01 5.323501389556603236e+00 -5.521346183098430060e-01
1.518436449235066821e+00 5.305162458289169436e+00 -4.925231966062908473e-01 5.302695025363012959e+00 -4.980870512340800360e-01 5.309109324201692459e+00 -5.465672235934919687e-01
1.623156204354726295e+00 5.289459258882832415e+00 -4.886280345890683385e-01 5.289144757101530203e+00 -4.957842253769715324e-01 5.295695354710899139e+00 -5.402757215913418509e-01
1.727875959474386214e+00 5.276695354163402740e+00 -4.845068571160418003e-01 5.275959343175275151e+00 -4.893130366995648295e-01 5.282326846173536872e+00 -5.342666113677496664e-01
1.832595714594045910e+00 5.264441449080552893e+00 -4.775014243553858950e-01 5.264897099142349823e+00 -4.830988084868326204e-01 5.270693572002224769e+00 -5.268209855643348760e-01
1.937315469713705829e+00 5.253003657023715078e+00 -4.720200367253464258e-01 5.253398364631069128e+00 -4.780312236031964979e-01 5.260106916577705682e+00 -5.193298587039680836e-01
2.042035224833365525e+00 5.240600048650375875e+00 -4.640219173515045537e-01 5.242131383726089666e+00 -4.707187030017840890e-01 5.249658178513310958e+00 -5.113312071257967162e-01
2.146754979953025000e+00 5.230777941705774481e+00 -4.592977365846377946e-01 5.230771759957280054e+00 -4.648809200126040597e-01 5.239422545973011047e+00 -5.038294270051431045e-01
2.251474735072684918e+00 5.223392339270548135e+00 -4.521309490299840750e-01 5.221292050612341029e+00 -4.560516099558182823e-01 5.229627008754795803e+00 -4.957957371581087624e-01
2.356194490192344837e+00 5.212524803635098181e+00 -4.451110249145910913e-01 5.213237654204332827e+00 -4.536282372043456412e-01 5.220845110821421109e+00 -4.900905838325795294e-01
2.460914245312004756e+00 5.203500700275101920e+00 -4.395908208520624694e-01 5.204618333818856968e+00 -4.438631346447270420e-01 5.213313981850911105e+00 -4.815839972886204468e-01
2.565634000431664230e+00 5.193720667626946508e+00 -4.347923964226843019e-01 5.196691544435686261e+00 -4.383950073675362269e-01 5.204869149893166735e+00 -4.743689195344553688e-01
2.670353755551324149e+00 5.187285192354871732e+00 -4.246317550235241267e-01 5.188731729894639599e+00 -4.329677108149634357e-01 5.198393339779900479e+00 -4.655096011962331914e-01
2.775073510670984067e+00 5.179419038085926630e+00 -4.216013034839840579e-01 5.183327998098963718e+00 -4.241874861559615795e-01 5.187115256282892162e+00 -4.610805306225003175e-01
2.879793265790643986e+00 5.173735134582472028e+00 -4.172124993187555919e-01 5.175234810324818469e+00 -4.171197063394103122e-01 5.180160350303527395e+00 -4.540383319455205680e-01
2.984513020910303460e+00 5.167180257513347641e+00 -4.087216337378105635e-01 5.168507615987429915e+00 -4.144291218607520921e-01 5.176623833222549820e+00 -4.422515904516530760e-01
3.089232776029963379e+00 5.159116546080602106e+00 -3.990563865486198569e-01 5.161005808431978537e+00 -4.051903442308322223e-01 5.169596752207239021e+00 -4.359833695701285095e-01
3.193952531149622853e+00 5.153203970087997021e+00 -3.944791420889164346e-01 5.156189030504035209e+00 -3.991709131296270474e-01 5.163211823966349812e+00 -4.302933108351942870e-01
3.298672286269282772e+00 5.147609833145599723e+00 -3.881657117375179045e-01 5.148258076603276834e+00 -3.962594152981955276e-01 5.156797082171278745e+00 -4.235299094095059669e-01
3.403392041388942246e+00 5.140404380022389752e+00 -3.830703711641605391e-01 5.142755439172287169e+00 -3.893830770398740704e-01 5.153369847132651671e+00 -4.169390851251126850e-01
3.508111796508602165e+00 5.138857370726393370e+00 -3.767900497765932499e-01 5.135352960307947967e+00 -3.800597430200962634e-01 5.147616803492169879e+00 -4.093977717654109227e-01
3.612831551628262083e+00 5.133214273011896367e+00 -3.740657767159296654e-01 5.132774928289274285e+00 -3.778519620904390308e-01 5.140915685548034020e+00 -4.031844043884267315e-01
3.717551306747922002e+00 5.129695812479286410e+00 -3.620389920661106764e-01 5.130970910982329158e+00 -3.719031729608102133e-01 5.136944063886163647e+00 -3.966154269933652721e-01
3.822271061867581476e+00 5.122388694636107687e+00 -3.620882044545226108e-01 5.120584654318427908e+00 -3.670818129867234880e-01 5.136954973800694546e+00 -3.883686983987684194e-01
3.926990816987241395e+00 5.117426538356248500e+00 -3.553541574323406671e-01 5.122509224934216121e+00 -3.543759423444186041e-01 5.126739734025525408e+00 -3.839217522352660339e-01
4.031710572106900869e+00 5.115384619269416788e+00 -3.513285191011634723e-01 5.115844551536504525e+00 -3.525498366887664936e-01 5.126918240497610135e+00 -3.786771876758798783e-01
4.136430327226561232e+00 5.118322137795379589e+00 -3.471631208301957372e-01 5.110365453849171402e+00 -3.462586195322527871e-01 5.121373491694320101e+00 -3.750602388332091586e-01
4.241150082346220707e+00 5.107409275900799628e+00 -3.396490108720540135e-01 5.107788645459930166e+00 -3.424030972352518631e-01 5.116975678426175733e+00 -3.671748532543213095e-01
4.345869837465881069e+00 5.104333679539042379e+00 -3.374224434882791002e-01 5.105994062515154752e+00 -3.339626388738570206e-01 5.119507886161745347e+00 -3.644502058994416593e-01
4.450589592585540544e+00 5.101054736343928475e+00 -3.342971899367501720e-01 5.104906309323800073e+00 -3.325657960059253959e-01 5.112266329094813599e+00 -3.551204908341785149e-01
4.555309347705200018e+00 5.102873879159842474e+00 -3.280873870821530147e-01 5.098021956591933801e+00 -3.284060275593772005e-01 5.113090026144377021e+00 -3.528386777365630778e-01
4.660029102824860381e+00 5.092634594207116727e+00 -3.228795494430904967e-01 5.094760890518858609e+00 -3.263563647168048476e-01 5.109347836829233103e+00 -3.480601793471591598e-01
4.764748857944519855e+00 5.092578002701872109e+00 -3.193322489677394849e-01 5.095265994868945825e+00 -3.204294188362029061e-01 5.103709966016559463e+00 -3.446047849241264949e-01
4.869468613064179330e+00 5.088687764032956196e+00 -3.137346435645089748e-01 5.088360568538361051e+00 -3.149569795034969921e-01 5.097841856278195749e+00 -3.344617994750702650e-01
4.974188368183839692e+00 5.089603645521957986e+00 -3.014217978331821257e-01 5.087582413140072646e+00 -3.095691189353941830e-01 5.092766939491492728e+00 -3.281881686090084571e-01
5.078908123303498279e+00 5.087690574167318402e+00 -3.098504717412273735e-01 5.090584066782923855e+00 -3.136394226491292514e-01 5.090705725835226403e+00 -3.295219724678619677e-01
5.183627878423158641e+00 5.083711064409543567e+00 -3.030067641743752205e-01 5.079368813661887749e+00 -3.022494972401679192e-01 5.090569141407804921e+00 -3.214775904391777850e-01
5.288347633542818116e+00 5.080787258470051526e+00 -3.028248926192458335e-01 5.074265576199319838e+00 -2.969930793483990250e-01 5.088061231816737973e+00 -3.197274460083190384e-01
5.393067388662477590e+00 5.080977110800619201e+00 -2.916766224768103655e-01 5.076404873412547758e+00 -2.965164209642447979e-01 5.085325417243510060e+00 -3.140939461698768476e-01
5.497787143782137953e+00 5.074386556734756581e+00 -2.838313424416596398e-01 5.076504308261566401e+00 -2.921049789578673561e-01 5.081874906473147213e+00 -3.103875422167741149e-01
5.602506898901797427e+00 5.072816439964147328e+00 -2.811578510972423395e-01 5.070910105911078603e+00 -2.918709450131982130e-01 5.089982996823620098e+00 -3.033620575289006638e-01
5.707226654021456902e+00 5.066377393909494486e+00 -2.888416457049483022e-01 5.072141422240353137e+00 -2.888376381272586002e-01 5.076592199197410338e+00 -3.034361824925766449e-01
5.811946409141117265e+00 5.073693926658489950e+00 -2.809851201839412838e-01 5.067530778708549732e+00 -2.768761007700217824e-01 5.078039508630799226e+00 -3.055342058473673461e-01
5.916666164260776739e+00 5.057389086661746802e+00 -2.733790032980523144e-01 5.070649749473205681e+00 -2.690192153670336594e-01 5.071501306865868308e+00 -2.976942314183004257e-01
6.021385919380437102e+00 5.066753524448374790e+00 -2.749430185457817366e-01 5.064419555024915809e+00 -2.749873125560915454e-01 5.071533380108755651e+00 -2.874271982557288219e-01
6.126105674500096576e+00 5.071020264862330151e+00 -2.728094366038069651e-01 5.066691698127957721e+00 -2.732273003487888374e-01 5.078397465984995307e+00 -2.836279782921087289e-01
6.230825429619756051e+00 5.064743950758388458e+00 -2.728552553429706151e-01 5.063163286336985536e+00 -2.715158080355464243e-01 5.074215993352905407e+00 -2.934429113325629501e-01
6.335545184739416413e+00 5.057280828931606464e+00 -2.669133412062092425e-01 5.061879484503785775e+00 -2.746223644216922999e-01 5.069068677991912075e+00 -2.785016130245407950e-01
6.440264939859075888e+00 5.061552212691966091e+00 -2.584884711249091360e-01 5.058506039049163405e+00 -2.535572188110468694e-01 5.072440096363822093e+00 -2.824498678681961472e-01
6.544984694978735362e+00 5.053403735276987163e+00 -2.684773247763563297e-01 5.055807850231474276e+00 -2.647229100947887659e-01 5.067495089506596884e+00 -2.740976568167834415e-01
6.649704450098395725e+00 5.045744961276719565e+00 -2.543213597709264029e-01 5.051931869857533286e+00 -2.455445333439350009e-01 5.066595186695863617e+00 -2.709507868492222471e-01
6.754424205218055199e+00 5.043811972070567862e+00 -2.568568755766671430e-01 5.042476136585083424e+00 -2.477618805827610515e-01 5.060473097128471487e+00 -2.705541595620415407e-01
6.859143960337715562e+00 5.056004207227700498e+00 -2.426122168926765355e-01 5.045249507373295472e+00 -2.568827582086057326e-01 5.063087190456201370e+00 -2.715225620771852810e-01
6.963863715457375037e+00 5.048005551784694234e+00 -2.465157419982131337e-01 5.047990477582769309e+00 -2.565988184982406217e-01 5.047572537180091246e+00 -2.645414684371956149e-01
7.068583470577034511e+00 5.046161149896374987e+00 -2.446200218600789178e-01 5.054013161549967492e+00 -2.366680778626588655e-01 5.058672394137143868e+00 -2.564171626782987268e-01
7.173303225696694874e+00 5.046394952482229357e+00 -2.454851157865634015e-01 5.039430608248815169e+00 -2.404247724377452933e-01 5.044294040638715337e+00 -2.560701938692480084e-01
7.278022980816354348e+00 5.035962463355847518e+00 -2.383668186411487255e-01 5.048611120677588104e+00 -2.377533102521840469e-01 5.050744137184120852e+00 -2.530948047673122758e-01
7.382742735936013823e+00 5.041053694636371318e+00 -2.229565566079183547e-01 5.054194740445517198e+00 -2.222940753195743468e-01 5.066954299870754852e+00 -2.457758381767818356e-01
7.487462491055674185e+00 5.045311655987683608e+00 -2.278421965486061573e-01 5.039489327520385586e+00 -2.345475206597038564e-01 5.060877350079270087e+00 -2.573518192814829852e-01
7.592182246175332772e+00 5.051148038948822361e+00 -2.336482348541952803e-01 5.054577316014531974e+00 -2.356289157468935969e-01 5.047044588682139121e+00 -2.348195873551612856e-01
7.696902001294993134e+00 5.040742712047562080e+00 -2.311620868749648672e-01 5.053729877030590956e+00 -2.199705759981540609e-01 5.052286503220034142e+00 -2.354050778860723447e-01
7.801621756414652609e+00 5.045764678506846401e+00 -2.262120545422767748e-01 5.044000102257935048e+00 -2.278004973749014894e-01 5.058866433353033543e+00 -2.402783953001961237e-01
7.906341511534312083e+00 5.036029959136056888e+00 -2.235028413808564096e-01 5.039644900886953494e+00 -2.292037485476416947e-01 5.034169134411694557e+00 -2.344788197902625271e-01
8.011061266653973334e+00 5.022664582293243640e+00 -2.090549407796187253e-01 5.019407008846918927e+00 -2.157187862099947395e-01 5.047391589956554014e+00 -2.304101289892672710e-01
8.115781021773631920e+00 5.022498682056431463e+00 -2.171513352992207047e-01 5.039052984610776775e+00 -2.094854254491842482e-01 5.027722993641580373e+00 -2.306319829723104675e-01
8.220500776893292283e+00 5.025589148110400473e+00 -2.233837526819213437e-01 5.043784006323074109e+00 -2.288795623700901061e-01 5.031898898030830125e+00 -2.219241038297976587e-01
8.325220532012952646e+00 5.043727021484979645e+00 -2.041233311370680426e-01 5.044002472533365200e+00 -2.149277185533566836e-01 5.038251050625614624e+00 -2.253457898440904827e-01
8.429940287132611232e+00 5.023517291868166978e+00 -2.043409791405750298e-01 5.021052292473664025e+00 -2.047092265143586332e-01 5.036642027579389946e+00 -2.385529566432227355e-01
8.534660042252271595e+00 5.029497184107121655e+00 -2.050202371692897430e-01 5.033387254352232887e+00 -2.155191353086678419e-01 5.032864302328272643e+00 -2.303754830046012003e-01
8.639379797371930181e+00 5.032008485264851672e+00 -2.044412076083288454e-01 5.050356816246071467e+00 -1.954003033063340666e-01 5.043115511633369685e+00 -2.024285221346904251e-01
8.744099552491592320e+00 5.023283175202184481e+00 -1.907819486475341719e-01 5.042646757663720614e+00 -2.035964292678462684e-01 5.038987574106095657e+00 -2.148009890172151160e-01
8.848819307611250906e+00 5.028947762512847142e+00 -1.998619558045051647e-01 5.027520352993238184e+00 -1.929319804552935835e-01 5.027269022759709216e+00 -2.239909444415886242e-01
8.953539062730909492e+00 5.020411552861059334e+00 -1.894068356036422429e-01 5.034353930681314537e+00 -1.948261164016402702e-01 5.026522312064396480e+00 -2.063771615869089970e-01
9.058258817850569855e+00 5.038041746771748208e+00 -1.962552760144467001e-01 5.034484269790795885e+00 -2.251223072903956179e-01 5.037929628366495827e+00 -2.097088855928426199e-01
9.162978572970228441e+00 5.033950494849786850e+00 -1.904158349368341163e-01 5.021495760985075663e+00 -1.991374629713416056e-01 5.037862355051169416e+00 -2.120926146061545836e-01
9.267698328089890580e+00 5.039911744778518887e+00 -1.754410553215199897e-01 5.024524843346219072e+00 -1.941443479036424336e-01 5.044193439211523966e+00 -2.049328037833966221e-01
9.372418083209549167e+00 5.021786992275823813e+00 -2.020270728019655238e-01 5.008086805178423973e+00 -2.068273450964150939e-01 5.026576295713399922e+00 -2.119957822559204175e-01
9.477137838329209529e+00 5.018627688275856258e+00 -2.013117293588448931e-01 5.024682256189707985e+00 -2.007768297997145623e-01 5.010700407967601855e+00 -2.140791025276405080e-01
9.581857593448868116e+00 5.021505113649402219e+00 -1.986302598536235919e-01 5.022545239999464783e+00 -1.994077468316222124e-01 5.011617063313808629e+00 -2.103728230767858420e-01
9.686577348568528478e+00 5.011114920131822359e+00 -1.943303988927214121e-01 5.008185089527868783e+00 -1.725370074997281122e-01 5.036393785000362833e+00 -1.986812484180404681e-01
9.791297103688188841e+00 5.027509912013016447e+00 -1.747147498823071743e-01 5.041434599101352276e+00 -1.841858125166782045e-01 5.010566310234711551e+00 -2.156953130027332577e-01
9.896016858807849204e+00 5.007011274497786602e+00 -2.091323738863000159e-01 5.016996776638291244e+00 -1.837034677410827044e-01 5.050422679201769682e+00 -1.956263759431733362e-01
1.000073661392750779e+01 5.023353854707185207e+00 -1.986626449945054773e-01 5.028732847853298438e+00 -1.887196631545453585e-01 5.002576625181769820e+00 -1.902752549982746899e-01
1.010545636904716815e+01 5.034857573639455630e+00 -2.059284117384061474e-01 5.015043562858987336e+00 -1.641652051009412361e-01 5.029112271247035082e+00 -1.865079411107819496e-01
1.021017612416682674e+01 5.027245987804674243e+00 -1.858112925201060861e-01 5.004611710164697413e+00 -1.918942197128421512e-01 5.009653235991804010e+00 -1.813231685722387354e-01
1.031489587928648710e+01 5.049380087746264678e+00 -1.944274223476991637e-01 5.039720748173850851e+00 -1.842689456451482855e-01 5.013073926030502392e+00 -1.825600143974224210e-01
1.041961563440614746e+01 5.023778735396749795e+00 -1.575189397913998590e-01 5.030588897775922774e+00 -1.618176538151026023e-01 5.020679200105210072e+00 -1.886676478643316557e-01
1.052433538952580783e+01 5.018255471908742216e+00 -1.618173448755397814e-01 5.013096753971626462e+00 -1.680610154355957064e-01 5.006982793615132543e+00 -1.730880136411832027e-01
1.062905514464546641e+01 5.004376706755122584e+00 -1.773356233574654439e-01 4.998197522647700453e+00 -2.050203944394271005e-01 5.013472199659133821e+00 -1.711338429077624568e-01
1.073377489976512678e+01 5.024506401030799374e+00 -1.678888202601696022e-01 5.010398751564208553e+00 -1.791429564159763288e-01 5.007138453038599835e+00 -1.887781263403294219e-01
1.083849465488478536e+01 5.022461801710520035e+00 -1.971929845760396205e-01 5.028192544611723491e+00 -1.521678860721351612e-01 5.022066005747841899e+00 -1.777208917153645373e-01
1.094321441000444750e+01 5.005340584414500249e+00 -1.754329218282739689e-01 5.005254534766974572e+00 -1.516878939653283354e-01 5.051303685036236502e+00 -1.880910983334187492e-01
1.104793416512410609e+01 4.998460294774983659e+00 -1.748187260721127956e-01 5.030170719899292209e+00 -1.839599284498687481e-01 4.995546610580337443e+00 -1.616270014239624686e-01
1.115265392024376645e+01 4.994916357350689395e+00 -1.523585792230930380e-01 4.999818828145634164e+00 -1.475471226061637608e-01 5.046027564953055489e+00 -1.714502585332251527e-01
1.125737367536342504e+01 4.997600515038284286e+00 -1.271783799938281945e-01 5.007104686173651231e+00 -1.670205759448899485e-01 5.026912812206409953e+00 -1.597707458265169578e-01
1.136209343048308362e+01 5.000699428898096599e+00 -1.766174000982552172e-01 5.034545651945741440e+00 -1.454808349363814202e-01 5.012022842513768950e+00 -1.625478786121385966e-01
1.146681318560274576e+01 4.999391660966786333e+00 -1.496734610213952266e-01 5.022757137986051390e+00 -1.805735673135302477e-01 4.982719822041937974e+00 -1.727740001499817879e-01
1.157153294072240435e+01 4.995354418571752220e+00 -1.599760002839092365e-01 4.988506390044927130e+00 -1.712272705357831271e-01 5.018074943875429739e+00 -1.873247867411258483e-01
1.167625269584206471e+01 5.021025859585900086e+00 -1.483454686717973203e-01 5.000213291371956359e+00 -1.672648512018852784e-01 5.022293027623478068e+00 -1.521540801390965925e-01
1.178097245096172330e+01 4.980418216288994948e+00 -1.406579870981472524e-01 5.043669889178783450e+00 -1.479953365775417140e-01 5.019669109529090179e+00 -1.605876235176175726e-01
1.188569220608138366e+01 4.999104201150866622e+00 -1.490146387851378762e-01 5.006637014092133242e+00 -1.419355824765586860e-01 5.010578243685621658e+00 -1.475878632517320099e-01
1.199041196120104225e+01 5.016045503134192174e+00 -1.380903484103210843e-01 5.025762018104607876e+00 -1.241738468159407915e-01 5.014155596490348366e+00 -1.410640667716966945e-01
1.209513171632070438e+01 4.986143915427446061e+00 -1.485482428322733028e-01 5.022631984561285456e+00 -1.330746858631419727e-01 5.027970649270594450e+00 -1.272153040831680570e-01
1.219985147144036297e+01 5.009363165786252736e+00 -1.509901255672785325e-01 5.016979282729978173e+00 -1.661601709304152408e-01 5.027905134910058749e+00 -1.527695236041504145e-01
1.230457122656002333e+01 5.038569829095838060e+00 -1.719244395677792525e-01 5.034878323945028100e+00 -1.813392239816291607e-01 4.991118677601700249e+00 -1.574291360560353681e-01
1.240929098167968192e+01 5.009551070440352305e+00 -1.106946212303538957e-01 5.000039940184217713e+00 -1.457159237926939355e-01 5.030796062796949464e+00 -1.597962583564314087e-01
1.251401073679934228e+01 5.008122168125520801e+00 -1.497927355280594952e-01 5.015001702159035624e+00 -1.540325510000846165e-01 5.015138343460392889e+00 -1.513918587365656876e-01
1.261873049191900265e+01 5.048271508216052084e+00 -1.394149643426256802e-01 5.017215130856813587e+00 -1.579161400824249384e-01 5.000138087025089995e+00 -1.495076922299087840e-01
1.272345024703866301e+01 4.990388420531095548e+00 -1.278591551197942877e-01 5.012699338730632448e+00 -1.581927056529330855e-01 5.006747150662568480e+00 -1.639340787531287091e-01
1.282817000215832159e+01 5.022894101713051285e+00 -1.358931956826756604e-01 5.018344343753698311e+00 -1.101046976873192307e-01 5.029966755806504430e+00 -1.445864847584248380e-01
1.293288975727798196e+01 4.993068801993775452e+00 -1.230472737395880145e-01 5.021959339533461630e+00 -1.309264083241004073e-01 5.046199509161747088e+00 -1.421773309719345235e-01
1.303760951239764054e+01 5.006530386977585678e+00 -1.379247211234702064e-01 5.006427108231068956e+00 -1.703089113865328130e-01 5.012470294665652304e+00 -1.496495855103754380e-01
1.314232926751730268e+01 5.008368485182412400e+00 -1.322607210524795462e-01 5.031578376177971101e+00 -1.855672011696505308e-01 5.022213326150312795e+00 -1.601455653597874118e-01
1.324704902263696127e+01 5.021252778363264113e+00 -1.391888801875262871e-01 5.011189266406988807e+00 -1.352200193561934327e-01 4.978673808178157856e+00 -1.337030369629985671e-01
1.335176877775662163e+01 5.008912424152983434e+00 -1.354502862270736685e-01 4.991033768640972923e+00 -1.263044034403622007e-01 4.997843267329907135e+00 -1.451986415932644547e-01
1.345648853287628022e+01 5.013548414771322292e+00 -1.322957860324818213e-01 4.951127380002811051e+00 -1.250774826912666171e-01 5.034009648228831679e+00 -1.767064643202092000e-01
1.356120828799594058e+01 5.041961024616224307e+00 -1.278954865149115605e-01 4.992243818162505065e+00 -1.040342294544611690e-01 5.028566549243986827e+00 -1.073428549623374195e-01
1.366592804311559917e+01 4.951927062591500395e+00 -1.344671547705900139e-01 5.018741311579335118e+00 -1.384749850717383879e-01 5.032972762733271210e+00 -1.059149385445126157e-01
1.377064779823526131e+01 4.983449176487066978e+00 -1.164214637163514254e-01 5.041305930344096353e+00 -1.258368640779128356e-01 5.010806957663463734e+00 -1.173503969762270671e-01
1.387536755335491989e+01 5.011955425560095101e+00 -1.219338958986000421e-01 5.033700638548367579e+00 -1.432288482144246089e-01 5.026694844447722410e+00 -1.130416750830001149e-01
1.398008730847457848e+01 5.027085060891698376e+00 -9.345279977562359619e-02 5.017364145823747457e+00 -1.702114560515370911e-01 5.030000437384650525e+00 -1.351715336781920129e-01
1.408480706359423884e+01 5.058323242139589837e+00 -1.693333770079048506e-01 5.010764925915897727e+00 -1.213009348362898976e-01 5.013402983920512312e+00 -8.533650741889786673e-02
1.418952681871389743e+01 5.040765378625124526e+00 -1.377509738629791869e-01 5.036858631594810731e+00 -1.269624791089540849e-01 5.003967537015713063e+00 -1.404987107342439145e-01
1.429424657383355957e+01 5.033601579506783885e+00 -1.366753374181870484e-01 5.009182172928627885e+00 -1.268452173677889760e-01 5.027174802642071505e+00 -1.456700368668082390e-01
1.439896632895321815e+01 4.990608037144183662e+00 -1.498900829503746479e-01 5.000278088139904931e+00 -1.235822506016228672e-01 5.065344860832766472e+00 -1.446350831678255844e-01
1.450368608407287851e+01 5.021849202982949123e+00 -1.197652035626051159e-01 5.005211975574413330e+00 -1.093289248738811281e-01 5.005745772488558565e+00 -1.482636407422921465e-01
1.460840583919253710e+01 4.985743572277444358e+00 -1.662882977638240334e-01 5.029007567516815769e+00 -1.309568937437681768e-01 5.027583184320095100e+00 -1.458156394830449898e-01
1.471312559431219746e+01 4.959377451160351669e+00 -1.333491366035213233e-01 5.068679012675008977e+00 -1.272059297581868975e-01 5.049007513749481646e+00 -1.051747947144408002e-01
1.481784534943185783e+01 4.988965728994281257e+00 -1.344521133519256395e-01 4.920629171868032614e+00 -1.036749201814481935e-01 5.005674023929000960e+00 -1.601804048733592722e-01
1.492256510455151819e+01 5.013064066461078383e+00 -1.411664430735743991e-01 4.984029761642246648e+00 -1.345187142975667882e-01 5.060867213309316881e+00 -1.408934703560555946e-01
1.502728485967117678e+01 5.022613634737373545e+00 -1.625817293526896634e-01 5.026326143935058610e+00 -1.322305592448271838e-01 4.981220680920595001e+00 -1.065380728620786144e-01
1.513200461479083714e+01 5.000755997660711216e+00 -1.575256137375573573e-01 4.966806682075019630e+00 -1.517380105540873103e-01 5.000151623425999503e+00 -5.489339838348161749e-02
1.523672436991049572e+01 4.994038745973299775e+00 -1.279949607105184128e-01 5.007494278866158055e+00 -1.324788916821759699e-01 5.065569989975310605e+00 -1.499048512695111413e-01
1.534144412503015609e+01 4.995817896189014284e+00 -1.401161467226801349e-01 5.042980889235565201e+00 -1.604812262043129323e-01 5.077829599106366665e+00 -1.222824080003377389e-01
1.544616388014981645e+01 4.993733497740792338e+00 -1.291730567602664692e-01 4.981299943394441598e+00 -9.858434684478201149e-02 4.991064501799135300e+00 -1.229799223438838851e-01
1.555088363526947681e+01 4.985388852622220313e+00 -7.279109917902459870e-02 5.008644445071398721e+00 -9.732049716922475113e-02 4.974687465050863011e+00 -1.461587688823087205e-01
1.565560339038913540e+01 5.028867317891942079e+00 -9.138574600461968345e-02 5.002494540688012137e+00 -1.043059062760045563e-01 5.066363423169008229e+00 -1.736202556210084680e-01
1.576032314550879576e+01 5.034042290901062700e+00 -6.863833196327462360e-02 4.992754790658050723e+00 -1.305803760435466643e-01 5.024487935677323769e+00 -9.928976204241468650e-02
1.586504290062845435e+01 5.029648491397657573e+00 -9.328471930410131563e-02 4.972299497742986851e+00 -1.235105361911479349e-01 4.989722313731669523e+00 -1.438564616810227292e-01
1.596976265574811649e+01 5.054416605343760693e+00 -1.463691064525765029e-01 4.986246597880708897e+00 -9.773439257145177805e-02 5.039753530568843232e+00 -1.220571727441281951e-01
